0 0 0 -110 24783 35797 15019 244 0 -1 -2 -2 -1
-1 -2 -56 -8770 106275 289636 -169180 -17498 3427 -5 -4 -1 -1
-719 3056 51182 -6813 -20774 178142 -228477 21902 235161 62490 9 -1 -1
-23505 131646 436484 424458 13826 7180 24069 275822 806007 200873 -3302 0 0
-23495 410034 546320 116945 -3669 7 -73 103315 320011 -71630 -6267 -1 0
-962 101408 -176440 -476769 -21661 -1 -1 -7330 -184274 -183238 -6614 -2 0
0 -23012 -587369 -567492 -22445 -2 -1 -7796 -191894 -178051 -7027 -2 -1
2 -18137 -449336 -131731 94876 -1008 -1188 57030 42169 -120335 -6238 -2 -2
3 -2579 109005 518206 378020 -34734 -32759 177419 329877 35232 -3448 -2 -5
-94 9764 378113 389068 125957 -31451 -31702 42979 105337 27943 -307 -1 -1
3019 -51861 -7441 46039 3427 -953 -1293 6957 23642 3001 -59 -2 0
21762 31034 -3553 -82 -1 -1 -1 -98 -2486 -2763 -70 -1 -1
-12557 19490 1657 2 -2 -2 -1 -69 -1642 -1577 -1 -1 -1
