0 0 0 -1 29939 64089 42509 1484 1 -1 -1 -1 -1
0 -1 84 -9 166988 390252 117045 33669 8300 159 -3 -1 -1
242 4820 61343 70583 54522 222159 114451 389381 388512 77228 184 -1 -1
88 182542 577710 573763 29153 8780 55611 473492 1179817 336887 617 0 0
37 505145 1118159 536072 11956 9 159 125696 555431 117074 857 0 0
-25 138042 452727 81539 -169 0 0 -36 -576 2007 851 -1 0
0 766 0 -784 -64 -1 0 -16 -400 1895 -4 -1 0
3 3649 97673 446174 128073 467 167 71144 237887 51061 356 -1 -1
5 12305 501884 1038047 464810 11 511 232739 517713 149206 547 -1 -4
41 22944 512509 518668 171839 91 411 79384 159069 45632 177 -1 0
8319 12047 60994 55332 5027 301 -25 8929 29852 6250 50 -1 0
50054 102858 6648 53 0 0 0 -1 -25 -121 43 0 0
17859 55667 3306 3 -1 -1 0 -1 -9 104 73 0 0
