0 0 0 2704 128881 707281 687241 30976 9 0 4 1 0
1 4 3481 219024 1517824 2515396 7155625 1279161 121801 4096 4 0 0
24025 44100 254016 1934881 1882384 1100401 8573184 9186961 3833764 368449 4356 0 0
589824 1272384 3530641 3732624 383161 40000 788544 4941729 9345249 3400336 97969 0 0
588289 2377764 14295961 10478169 390625 36 5776 559504 5885476 4717584 178084 1 0
23409 915849 15729156 13957696 537289 9 1 182329 4592449 4631104 186624 1 0
0 594441 14684224 14167696 559504 25 1 194481 4787344 4498641 175561 1 1
16 544644 13675204 14447601 829921 36864 33856 352836 4892944 4284900 164836 1 4
36 372100 9821956 12996025 2169729 868624 831744 1382976 4695889 2849344 99856 1 16
3364 329476 3359889 3240000 1147041 788544 802816 910116 1343281 442225 12100 0 1
132496 1597696 1710864 232324 40000 31329 31684 49284 155236 81225 2704 1 0
707281 1795600 255025 3364 4 4 4 2401 61504 66049 2809 4 4
760384 904401 41209 16 4 16 4 1681 40804 42025 1849 1 4
