0 0 0 26 35 -313 -353 -74 -1 -1 -1 -1 -1
0 1 28 234 458 -426 -1293 -531 -80 -9 -2 -1 -1
-8 -27 44 641 645 -217 -1421 -1297 -552 -122 -11 -1 -1
-38 -173 -462 388 241 -34 -345 -670 -1075 -374 -35 0 0
-27 -264 -955 -200 12 0 -14 -104 -287 -141 -20 0 0
-5 -60 -231 -106 -13 0 0 -6 -24 -12 -3 -1 0
0 2 0 -28 -8 -1 0 4 20 15 2 -1 0
1 4 -38 -186 -49 -10 -4 44 145 8 -7 -1 -1
2 8 -209 -917 -240 -43 -20 189 663 201 9 -1 -2
28 220 349 -446 -149 -41 -22 116 419 152 12 -1 0
143 616 599 43 -22 -7 -5 16 59 22 1 -1 0
176 541 234 28 0 0 -1 -1 -5 -11 -3 0 0
29 131 36 0 -1 -1 -1 -1 -3 -10 -3 0 0
