0 0 0 27 147 299 483 116 2 0 2 1 0
1 0 28 237 564 554 1341 501 49 4 1 0 0
2 31 267 743 679 448 1366 1041 464 304 61 0 0
2 239 1242 1423 402 92 294 552 1558 1533 307 0 0
1 631 3133 3048 605 3 5 432 2126 2107 419 0 0
0 774 3834 3711 733 3 1 427 2143 2151 430 0 0
0 770 3832 3764 748 5 1 441 2188 2120 419 1 1
2 733 3671 3670 733 3 1 420 2088 2045 405 0 0
3 589 2949 2973 595 2 1 310 1549 1567 314 0 0
33 392 1370 1204 231 2 1 110 545 537 107 0 0
248 721 743 271 33 2 0 55 271 259 51 1 0
730 901 301 31 2 2 1 49 248 257 52 2 2
850 867 177 1 2 4 1 41 202 204 41 1 2
