0 0 0 25 212 542 346 60 1 0 0 0 0
0 2 31 231 668 1032 1334 630 300 60 1 0 0
153 179 237 648 693 601 1562 1990 1494 303 5 0 0
766 889 637 509 217 108 594 1671 1499 311 6 0 0
766 911 648 189 20 3 71 316 300 65 3 1 0
153 183 132 25 0 0 0 0 0 1 2 1 0
0 1 0 0 0 0 0 0 0 1 0 0 0
2 5 27 131 178 189 183 174 124 25 1 1 2
3 21 185 632 878 930 911 866 618 121 2 1 4
25 182 463 596 840 886 895 844 614 128 3 0 1
116 543 565 211 167 175 178 167 123 26 1 0 0
111 439 204 27 0 0 1 0 0 0 1 0 0
22 84 26 3 0 0 1 0 0 1 2 0 0
